1, 1
2, 3
5, 7
7, 9
10, 12
12, 15
14, 18
17, 21
20, 24
25, 30
28, 34
31, 37
34, 40
36, 44
39, 47
42, 50
47, 57
50, 60
53, 64
56, 67
59, 71
62, 75
65, 78
71, 85
74, 88
77, 92
80, 95
83, 99
87, 102
90, 105
96, 112
100, 116
103, 119
106, 123
110, 126
114, 130
117, 133
124, 141
128, 144
131, 148
135, 152
139, 155
143, 159
146, 163
154, 170
158, 174
162, 178
166, 181
171, 185
175, 189
179, 192
187, 200
191, 204
195, 207
199, 211
204, 214
208, 218
212, 222
220, 229
225, 233
229, 236
233, 240
237, 243
241, 247
245, 251
254, 258
258, 262
262, 266
266, 269
271, 273
275, 277
279, 280
287, 287
292, 291
296, 295
300, 299
304, 302
309, 306
313, 310
321, 317
325, 321
329, 325
333, 328
337, 332
341, 336
345, 339
353, 347
357, 350
361, 354
364, 358
368, 362
372, 365
376, 369
383, 377
386, 381
390, 385
393, 388
397, 392
400, 396
404, 400
410, 407
413, 411
417, 415
420, 419
423, 422
427, 426
430, 430
437, 437
440, 440
443, 444
446, 448
450, 452
453, 455
456, 459
463, 466
467, 470
470, 474
474, 477
477, 481
481, 485
484, 489
492, 496
495, 500
499, 504
503, 507
506, 511
510, 515
514, 519
521, 526
525, 530
529, 534
533, 538
537, 542
540, 545
544, 549
552, 557
556, 561
560, 565
564, 569
567, 573
571, 577
575, 581
583, 588
587, 592
591, 596
594, 600
598, 603
603, 607
607, 611
614, 618
618, 622
622, 626
626, 630
631, 634
635, 638
639, 642
647, 650
651, 654
655, 658
659, 662
663, 666
667, 670
671, 674
680, 682
684, 685
688, 689
692, 693
696, 697
700, 701
704, 705
713, 713
717, 717
721, 721
725, 725
729, 729
733, 733
737, 737
745, 745
749, 749
753, 753
757, 757
761, 761
765, 765
769, 769
776, 777
780, 781
784, 785
788, 789
792, 793
796, 797
800, 801
808, 809
812, 813
816, 817
820, 821
824, 825
828, 829
832, 833
840, 841
844, 845
848, 849
852, 853
857, 857
861, 861
865, 865
873, 873
877, 877
882, 881
886, 885
890, 889
894, 893
898, 898
906, 906
910, 910
914, 914
918, 918
922, 922
926, 926
930, 931
938, 939
942, 943
946, 947
950, 951
954, 955
958, 959
962, 963
970, 972
974, 976
978, 980
982, 984
986, 988
990, 992
994, 996
1002, 1004
1007, 1008
1011, 1012
1015, 1016
1019, 1020
1023, 1024
1027, 1029
1035, 1037
1040, 1041
1044, 1045
1048, 1049
1052, 1053
1056, 1058
1061, 1062
1070, 1070
1074, 1074
1078, 1079
1082, 1083
1086, 1087
1091, 1091
1095, 1095
1103, 1103
1108, 1107
1112, 1112
1116, 1116
1120, 1120
1125, 1124
1129, 1128
1137, 1137
1141, 1141
1145, 1145
1150, 1150
1154, 1154
1158, 1158
1162, 1163
1170, 1171
1175, 1175
1179, 1179
1183, 1184
1187, 1188
1192, 1192
1196, 1196
1204, 1205
1208, 1209
1213, 1213
1217, 1218
1221, 1222
1225, 1226
1230, 1230
1238, 1239
1242, 1243
1247, 1247
1251, 1251
1255, 1255
1260, 1260
1264, 1264
1273, 1273
1277, 1277
1281, 1281
1286, 1286
1290, 1290
1294, 1294
1299, 1298
1308, 1307
1312, 1311
1316, 1316
1321, 1320
1325, 1324
1329, 1329
1333, 1333
1342, 1342
1347, 1346
1351, 1350
1355, 1354
1359, 1359
1364, 1363
1368, 1367
1377, 1376
1381, 1380
1385, 1384
1390, 1389
1394, 1393
1399, 1398
1403, 1402
1412, 1411
1416, 1415
1421, 1419
1425, 1424
1429, 1428
1433, 1432
1438, 1437
1446, 1445
1451, 1450
1455, 1454
1460, 1459
1464, 1463
1468, 1468
1472, 1472
1481, 1481
1486, 1485
1490, 1489
1494, 1494
1499, 1498
1503, 1502
1507, 1507
1516, 1516
1520, 1520
1525, 1524
1529, 1529
1534, 1533
1538, 1538
1542, 1542
1551, 1551
1556, 1555
1560, 1559
1565, 1563
1569, 1568
1574, 1572
1578, 1577
1587, 1586
1592, 1590
1596, 1595
1601, 1599
1605, 1604
1609, 1608
1614, 1612
1623, 1621
1628, 1626
1632, 1630
1636, 1634
1641, 1639
1645, 1643
1650, 1648
1659, 1657
1663, 1661
1668, 1666
1673, 1670
1677, 1675
1681, 1679
1686, 1684
1695, 1693
1700, 1697
1704, 1702
1708, 1706
1713, 1711
1717, 1716
1722, 1720
1731, 1729
1735, 1733
1740, 1738
1744, 1742
1749, 1747
1753, 1751
1758, 1756
1766, 1765
1771, 1769
1775, 1774
1780, 1778
1784, 1783
1789, 1788
1793, 1792
1802, 1801
1807, 1806
1811, 1810
1816, 1815
1820, 1819
1825, 1824
1829, 1828
1839, 1838
1843, 1842
1848, 1847
1852, 1851
1857, 1856
1861, 1861
1866, 1865
1875, 1874
1879, 1879
1884, 1883
1888, 1888
1893, 1893
1898, 1897
1902, 1902
1911, 1911
1916, 1916
1920, 1920
1925, 1925
1930, 1930
1934, 1934
1939, 1939
1948, 1948
1952, 1952
1957, 1957
1961, 1961
1966, 1966
1970, 1971
1975, 1975
1984, 1984
1989, 1989
1993, 1994
1998, 1998
2003, 2003
2007, 2008
2012, 2012
2022, 2022
2026, 2026
2031, 2031
2036, 2036
2041, 2040
2045, 2045
2050, 2050
2059, 2059
2064, 2064
2068, 2068
2073, 2073
2078, 2078
2082, 2082
2087, 2087
2097, 2097
2101, 2101
2106, 2106
2111, 2110
2115, 2115
2120, 2119
2125, 2124
2134, 2133
2139, 2138
2144, 2142
2148, 2147
2153, 2152
2158, 2156
2163, 2161
2173, 2170
2177, 2175
2182, 2180
2187, 2184
2192, 2189
2197, 2194
2201, 2199
2211, 2208
2216, 2213
2220, 2218
2225, 2222
2230, 2227
2234, 2232
2239, 2237
2249, 2246
2253, 2251
2258, 2256
2263, 2260
2267, 2265
2272, 2270
2277, 2274
2286, 2284
2290, 2288
2295, 2293
2300, 2298
2304, 2303
2309, 2308
2314, 2312
2323, 2322
2328, 2326
2333, 2331
2337, 2336
2342, 2341
2347, 2346
2352, 2350
2361, 2360
2366, 2365
2371, 2370
2375, 2374
2380, 2379
2385, 2384
2390, 2389
2399, 2399
2404, 2403
2409, 2408
2414, 2413
2419, 2418
2423, 2423
2428, 2428
2438, 2438
2442, 2442
2447, 2447
2452, 2452
2456, 2457
2461, 2462
2466, 2466
2475, 2476
2480, 2481
2485, 2485
2490, 2490
2495, 2495
2500, 2500
2504, 2505
2514, 2514
2519, 2519
2524, 2524
2529, 2529
2534, 2534
2539, 2539
2544, 2544
2554, 2553
2558, 2558
2563, 2563
2568, 2568
2573, 2573
2578, 2578
2583, 2583
2593, 2593
2598, 2598
2603, 2603
2608, 2608
2613, 2613
2618, 2617
2623, 2622
2633, 2632
2637, 2637
2642, 2641
2647, 2646
2652, 2651
2657, 2656
2661, 2661
2671, 2670
2676, 2675
2681, 2680
2686, 2685
2691, 2690
2696, 2695
2701, 2700
2711, 2710
2716, 2715
2721, 2719
2726, 2724
2731, 2729
2736, 2734
2740, 2739
2750, 2749
2755, 2754
2760, 2759
2765, 2764
2770, 2769
2775, 2774
2780, 2778
2790, 2788
2794, 2793
2799, 2798
2804, 2804
2809, 2808
2814, 2813
2819, 2818
2829, 2828
2834, 2833
2839, 2838
2844, 2843
2849, 2848
2854, 2853
2859, 2858
2869, 2868
2873, 2873
2878, 2878
2883, 2883
2888, 2888
2893, 2893
2898, 2898
2909, 2908
2914, 2913
2919, 2918
2924, 2923
2929, 2928
2934, 2933
2939, 2939
2949, 2949
2954, 2954
2959, 2959
2964, 2964
2969, 2969
2974, 2974
2979, 2979
2989, 2989
2994, 2994
2998, 2999
3003, 3004
3009, 3009
3014, 3014
3019, 3019
3029, 3029
3034, 3034
3039, 3039
3044, 3044
3049, 3049
3054, 3054
3059, 3059
3070, 3069
3075, 3075
3080, 3080
3085, 3085
3090, 3090
3095, 3095
3100, 3100
3111, 3110
3116, 3115
3121, 3120
3126, 3126
3131, 3131
3136, 3136
3142, 3141
3152, 3151
3157, 3156
3162, 3161
3167, 3166
3172, 3171
3177, 3177
3182, 3182
3193, 3192
3198, 3197
3203, 3202
3208, 3207
3213, 3212
3218, 3217
3223, 3223
3234, 3233
3239, 3238
3244, 3243
3249, 3248
3254, 3254
3260, 3259
3265, 3264
3275, 3274
3280, 3279
3285, 3284
3291, 3290
3296, 3295
3301, 3300
3306, 3305
3317, 3316
3322, 3321
3327, 3326
3332, 3331
3337, 3336
3343, 3342
3348, 3347
3358, 3357
3363, 3363
3369, 3368
3374, 3373
3379, 3378
3384, 3383
3390, 3388
3400, 3399
3405, 3404
3410, 3409
3416, 3414
3421, 3419
3426, 3425
3431, 3430
3442, 3440
3447, 3446
3452, 3451
3457, 3456
3462, 3461
3468, 3467
3473, 3472
3483, 3482
3488, 3488
3494, 3493
3499, 3498
3504, 3504
3509, 3509
3515, 3514
3525, 3525
3530, 3530
3535, 3535
3541, 3541
3546, 3546
3551, 3551
3556, 3556
3567, 3567
3572, 3572
3577, 3577
3582, 3583
3588, 3588
3593, 3593
3598, 3598
3609, 3609
3614, 3614
3620, 3620
3625, 3625
3630, 3631
3636, 3636
3641, 3641
3652, 3652
3657, 3657
3662, 3662
3668, 3667
3673, 3673
3679, 3678
3684, 3683
3695, 3694
3700, 3699
3706, 3704
3711, 3710
3716, 3715
3721, 3720
3727, 3726
3737, 3736
3743, 3742
3748, 3747
3754, 3752
3759, 3757
3764, 3763
3769, 3768
3780, 3779
3785, 3784
3791, 3789
3796, 3795
3801, 3800
3806, 3805
3812, 3810
3822, 3821
3828, 3827
3833, 3832
3838, 3837
3843, 3843
3849, 3848
3854, 3853
3865, 3864
3870, 3870
3875, 3875
3881, 3880
3886, 3886
3891, 3891
3897, 3897
3907, 3907
3913, 3913
3918, 3918
3923, 3924
3929, 3929
3934, 3935
3940, 3940
3950, 3951
3956, 3956
3961, 3962
3966, 3967
3972, 3973
3977, 3978
3982, 3983
3993, 3994
3998, 4000
4003, 4005
4009, 4010
4014, 4016
4019, 4021
4025, 4027
4036, 4037
4041, 4043
4046, 4049
4052, 4054
4057, 4060
4063, 4065
4068, 4070
4079, 4082
4084, 4087
4090, 4092
4095, 4098
4101, 4103
4106, 4109
4111, 4114
4122, 4125
4128, 4131
4133, 4136
4139, 4142
4144, 4147
4149, 4153
4154, 4158
4165, 4169
4171, 4174
4176, 4180
4181, 4185
4187, 4191
4193, 4196
4198, 4201
4209, 4212
4215, 4218
4220, 4224
4226, 4229
4232, 4235
4237, 4240
4243, 4246
4254, 4257
4260, 4262
4265, 4268
4271, 4274
4276, 4279
4282, 4285
4287, 4290
4299, 4301
4304, 4307
4310, 4313
4315, 4318
4321, 4324
4326, 4329
4332, 4335
4343, 4346
4348, 4351
4354, 4357
4359, 4362
4365, 4368
4370, 4374
4376, 4379
4387, 4390
4393, 4396
4398, 4402
4403, 4407
4409, 4413
4415, 4418
4420, 4424
4431, 4435
4437, 4441
4443, 4446
4448, 4452
4454, 4458
4459, 4463
4465, 4469
4476, 4480
4481, 4486
4487, 4491
4492, 4497
4498, 4502
4503, 4508
4509, 4513
4520, 4524
4525, 4530
4531, 4535
4537, 4541
4542, 4546
4548, 4552
4553, 4558
4565, 4569
4570, 4574
4576, 4580
4582, 4586
4587, 4591
4593, 4597
4599, 4603
4610, 4614
4615, 4619
4621, 4625
4627, 4631
4632, 4636
4638, 4642
4644, 4648
4655, 4659
4660, 4664
4666, 4670
4671, 4676
4677, 4681
4682, 4686
4688, 4692
4699, 4703
4705, 4709
4711, 4714
4717, 4720
4722, 4725
4728, 4731
4734, 4736
4745, 4748
4751, 4753
4757, 4759
4762, 4765
4768, 4770
4774, 4776
4780, 4781
4791, 4793
4797, 4798
4803, 4804
4808, 4810
4814, 4815
4820, 4821
4825, 4826
4836, 4838
4842, 4843
4848, 4849
4853, 4855
4859, 4860
4865, 4866
4870, 4871
4882, 4883
4887, 4888
4893, 4894
4898, 4899
4904, 4905
4910, 4910
4915, 4916
4926, 4927
4932, 4933
4938, 4938
4943, 4944
4949, 4949
4954, 4955
4960, 4961
4971, 4972
4977, 4978
4982, 4983
4988, 4989
4993, 4994
4999, 5000
5004, 5005
5015, 5016
5021, 5022
5026, 5027
5032, 5033
5037, 5038
5042, 5044
5048, 5049
5059, 5060
5064, 5065
5070, 5071
5075, 5076
5081, 5082
5086, 5087
5092, 5093
5103, 5104
5108, 5109
5114, 5115
5120, 5120
5125, 5126
5130, 5131
5136, 5137
5142, 5143
5144, 5145
5146, 5146
5147, 5147
5147, 5148
